0
73.6193
147.239
220.858
294.477
368.097
441.716
515.335
588.955
662.574
736.193
809.813
883.432
957.051
1030.67
1104.29
1177.91
1251.53
1325.15
1398.77
1472.39
1546.01
1619.63
1693.24
1766.86
1840.48
1914.1
1987.72
2061.34
2134.96
2208.58
2282.2
2355.82
2429.44
2503.06
2576.68
2650.3
2723.92
2797.53
2871.15
2944.77
3018.39
3092.01
3165.63
3239.25
3312.87
3386.49
3460.11
3533.73
3607.35
3680.97
3754.59
3828.21
3901.82
3975.44
4049.06
4122.68
4196.3
4269.92
4343.54
4417.16
4490.78
4564.4
4638.02
4711.64
4785.26
4858.88
4932.5
5006.11
5079.73
5153.35
5226.97
5300.59
5374.21
5447.83
5521.45
5595.07
5668.69
5742.31
5815.93
5889.55
5963.17
6036.79
6110.4
6184.02
6257.64
6331.26
6404.88
6478.5
6552.12
6625.74
6699.36
6772.98
6846.6
6920.22
6993.84
7067.46
7141.08
7214.69
7288.31
7361.93
7435.55
7509.17
7582.79
7656.41
7730.03
7803.65
7877.27
7950.89
8024.51
8098.13
8171.75
8245.37
8318.98
8392.6
8466.22
8539.84
8613.46
8687.08
8760.7
8834.32
8907.94
8981.56
9055.18
9128.8
9202.42
9276.04
9349.65
9423.27
9496.89
9570.51
9644.13
9717.75
9791.37
9864.99
9938.61
10012.2
10085.8
10159.5
10233.1
10306.7
10380.3
10453.9
10527.6
10601.2
10674.8
10748.4
10822
10895.7
10969.3
11042.9
11116.5
11190.1
11263.8
11337.4
11411
11484.6
11558.2
11631.9
11705.5
11779.1
11852.7
11926.3
12000
12073.6
12147.2
12220.8
12294.4
12368
12441.7
12515.3
12588.9
12662.5
12736.1
12809.8
12883.4
12957
13030.6
13104.2
13177.9
13251.5
13325.1
13398.7
13472.3
13546
13619.6
13693.2
13766.8
13840.4
13914.1
13987.7
14061.3
14134.9
14208.5
14282.2
14355.8
14429.4
14503
14576.6
14650.2
14723.9
14797.5
14871.1
14944.7
15018.3
15092
15165.6
15239.2
15312.8
15386.4
15460.1
15533.7
15607.3
15680.9
15754.5
15828.2
15901.8
15975.4
16049
16122.6
16196.3
16269.9
16343.5
16417.1
16490.7
16564.3
16638
16711.6
16785.2
16858.8
16932.4
17006.1
17079.7
17153.3
17226.9
17300.5
17374.2
17447.8
17521.4
17595
17668.6
17742.3
17815.9
17889.5
17963.1
18036.7
18110.4
18184
18257.6
18331.2
18404.8
18478.5
18552.1
18625.7
18699.3
18772.9
18846.5
18920.2
18993.8
19067.4
19141
19214.6
19288.3
19361.9
19435.5
19509.1
19582.7
19656.4
19730
19803.6
19877.2
19950.8
20024.5
20098.1
20171.7
20245.3
20318.9
20392.6
20466.2
20539.8
20613.4
20687
20760.7
20834.3
20907.9
20981.5
21055.1
21128.7
21202.4
21276
21349.6
21423.2
21496.8
21570.5
21644.1
21717.7
21791.3
21864.9
21938.6
22012.2
22085.8
22159.4
22233
22306.7
22380.3
22453.9
22527.5
22601.1
22674.8
22748.4
22822
22895.6
22969.2
23042.9
23116.5
23190.1
23263.7
23337.3
23410.9
23484.6
23558.2
23631.8
23705.4
23779
23852.7
23926.3
23999.9
24073.5
24147.1
24220.8
24294.4
24368
24441.6
24515.2
24588.9
24662.5
24736.1
24809.7
24883.3
24957
25030.6
25104.2
25177.8
25251.4
25325
25398.7
25472.3
25545.9
25619.5
25693.1
25766.8
25840.4
25914
25987.6
26061.2
26134.9
26208.5
26282.1
26355.7
26429.3
26503
26576.6
26650.2
26723.8
26797.4
26871.1
26944.7
27018.3
27091.9
27165.5
27239.2
27312.8
27386.4
27460
27533.6
27607.2
27680.9
27754.5
27828.1
27901.7
27975.3
28049
28122.6
28196.2
28269.8
28343.4
28417.1
28490.7
28564.3
28637.9
28711.5
28785.2
28858.8
28932.4
29006
29079.6
29153.3
29226.9
29300.5
29374.1
29447.7
29521.4
29595
29668.6
29742.2
29815.8
29889.4
29963.1
30036.7
30110.3
30183.9
30257.5
30331.2
30404.8
30478.4
30552
30625.6
30699.3
30772.9
30846.5
30920.1
30993.7
31067.4
31141
31214.6
31288.2
31361.8
31435.5
31509.1
31582.7
31656.3
31729.9
31803.6
31877.2
31950.8
32024.4
32098
32171.6
32245.3
32318.9
32392.5
32466.1
32539.7
32613.4
32687
32760.6
32834.2
32907.8
32981.5
33055.1
33128.7
33202.3
33275.9
33349.6
33423.2
33496.8
33570.4
33644
33717.7
33791.3
33864.9
33938.5
34012.1
34085.8
34159.4
34233
34306.6
34380.2
34453.8
34527.5
34601.1
34674.7
34748.3
34821.9
34895.6
34969.2
35042.8
35116.4
35190
35263.7
35337.3
35410.9
35484.5
35558.1
35631.8
35705.4
35779
35852.6
35926.2
35999.9
36073.5
36147.1
36220.7
36294.3
36367.9
36441.6
36515.2
36588.8
36662.4
36736
36809.7
36883.3
36956.9
37030.5
37104.1
37177.8
37251.4
37325
37398.6
37472.2
37545.9
37619.5
