213.059
250.331
284.627
285.073
287.094
269.89
229.291
213.509
216.295
215.507
207.141
190.675
158.727
123.217
108.201
85.0598
113.088
141.82
154.417
174.966
182.4
181.526
210.723
224.191
254.259
276.658
288.608
292.572
283.658
264.026
240.551
221.159
186.216
154.335
111.387
88.8011
60.6734
37.3092
35.291
41.8968
45.1388
60.0935
83.9811
98.5834
121.91
150.037
183.654
224.638
244.98
244.576
202.078
156.976
114.326
86.6738
99.7983
122.897
138.64
143.035
145.775
147.026
142.861
140.293
141.519
137.817
135.537
138.523
161.188
136.277
128.543
129.368
122.547
112.404
85.4293
85.7222
106.29
106.041
101.216
95.912
75.5216
91.394
99.7765
139.146
139.438
114.925
88.2167
79.215
69.1693
59.3303
55.1443
50.2662
44.8236
74.0324
88.4257
61.7614
31.7228
24.8732
25.9499
24.0809
24.3486
25.0952
25.0172
33.8901
64.748
89.5153
70.8294
45.3202
49.5021
54.1186
61.8072
67.27
79.1034
84.3514
111.27
137.041
140.284
105.282
91.7169
77.9265
92.5832
101.054
106.782
106.579
88.5485
82.2109
110.056
121.23
128.488
128.19
132.318
160.041
142.403
134.314
135.8
136.441
137.188
126.975
109.248
74.2749
101.815
143.34
191.745
232.039
246.713
231.177
194.689
157.264
130.518
103.716
94.63
72.6714
58.9746
53.3539
43.5216
37.6475
50.4629
86.3282
102.1
141.388
176.159
212.277
240.78
266.485
284.573
288.092
282.408
271.722
258.119
228.199
199.754
179.843
177.878
175.65
154.724
142.442
118.749
89.89
103.346
121.256
150.009
176.77
197.499
207.043
203.155
199.533
222.911
267.444
278.514
274.08
277.99
252.676
219.141
176.478
190.199
220.24
193.269
148.18
115.677
87.9473
47.0139
66.6388
106.054
143.067
172.041
197.415
215.827
243.354
240.691
243.171
245.266
222.348
207.363
189.674
163.645
174.368
169.308
138.186
126.792
126.153
134.388
158.964
188.512
190.519
155.127
121.558
89.9102
97.9632
114.853
135.017
137.241
137.477
138.217
137.159
118.15
88.7689
107.915
140.212
180.462
221.612
239.082
199.72
155.194
148.193
149.78
174.112
218.721
259.637
303.804
335.264
366.136
385.246
381.899
334.118
280.645
238.516
219.132
188.283
150.57
140.285
165.741
196.389
154.845
146.303
139.182
96.0174
48.9243
63.6499
67.7562
118.724
147.218
152.493
158.292
188.878
211.342
227.658
256.528
287.085
308.842
329.658
352.983
376.213
402.112
430.924
455.414
483.083
463.533
418.067
370.987
342.01
326.862
311.583
289.889
262.96
218.646
170.157
160.837
141.463
161.761
197.897
231.886
258.802
295.596
290.927
259.09
211.886
168.872
151.341
150.351
147.696
134.255
160.465
209.411
245.949
286.521
328.364
381.509
428.257
461.224
433.356
387.894
342.057
311.323
264.698
247.095
248.567
255.506
252.847
216.979
156.823
149.205
150.455
147.257
145.023
146.455
146.069
140.341
135.081
133.135
139.011
136.694
124.134
97.506
69.4783
30.6052
58.6016
100.4
127.905
133.923
133.647
137.3
144.112
147.143
159.453
166.106
205.175
238.897
272.809
313.675
350.2
388.12
419.139
448.354
471.381
498.847
532.146
510.493
461.106
423.179
383.463
360.586
328.869
289.623
259.526
240.969
222.446
195.567
174.313
148.966
135.39
120.152
114.75
106.798
106.461
102.997
96.1586
93.9999
90.7308
72.2395
47.8066
23.1111
16.2408
27.8446
51.5428
68.7199
86.212
98.4321
106.108
105.938
102.939
106.145
104.258
104.546
112.31
113.696
124.285
163.766
209.612
247.66
284.855
318.462
342.958
367.728
416.668
467.494
501.114
543.844
565.302
524.311
483.618
439.647
411.336
383.862
351.154
328.334
308.503
270.506
230.578
194.43
147.692
124.27
118.337
117.113
113.765
106.77
104.596
95.6944
96.6909
91.1912
82.7913
69.8031
87.1635
113.992
84.8116
74.9376
70.6613
67.3755
67.7798
69.1074
62.4994
58.4827
56.376
51.4846
50.4351
49.1461
45.792
39.2613
34.0254
34.0887
25.7994
19.1774
15.9657
14.5573
12.9408
10.7301
11.85
10.0951
10.0347
7.99126
7.3691
6.23473
6.76212
6.9693
6.86614
6.89535
7.57341
6.84532
6.75409
5.46172
5.66427
5.60306
7.25044
7.91956
7.34998
8.3029
8.81434
8.07269
6.83057
7.9804
10.028
8.13246
7.82592
10.0462
9.11312
8.83864
11.8914
10.0518
10.0648
9.41187
13.2061
12.2348
15.0448
15.3626
18.1884
18.789
19.6468
21.2497
22.4992
33.0396
30.3403
26.3311
30.483
31.1583
35.1006
